-6.712101399898529053e-03
9.035590887069702148e-01
-1.509157121181488037e-01
-1.230360746383666992e+00
-5.175686478614807129e-01
-3.531488776206970215e-02
-8.193591237068176270e-02
7.697795331478118896e-02
-1.224811673164367676e+00
-1.026241302490234375e+00
2.663158178329467773e-01
6.783599853515625000e-01
-2.267341017723083496e-01
-2.055082768201828003e-01
8.450534939765930176e-01
6.976456046104431152e-01
-6.453541666269302368e-02
5.070251226425170898e-02
8.480042219161987305e-01
1.636914610862731934e-01
-3.052786290645599365e-01
2.847219109535217285e-01
-3.537609577178955078e-01
9.038491249084472656e-01
-7.351458072662353516e-01
1.631972193717956543e-01
9.308815002441406250e-03
9.995183944702148438e-01
-7.565330266952514648e-01
3.761237859725952148e-02
-2.301893383264541626e-01
2.121502459049224854e-01
9.906116127967834473e-01
3.557970225811004639e-01
7.519185543060302734e-01
-1.037727594375610352e-01
-2.894058823585510254e-01
3.923491835594177246e-01
3.373655676841735840e-02
-1.295219421386718750e+00
-2.793881297111511230e-01
-8.487537503242492676e-02
1.397011876106262207e+00
5.411562919616699219e-01
-1.473078727722167969e+00
-1.397006362676620483e-01
1.244838833808898926e+00
6.014931797981262207e-01
4.447408020496368408e-01
3.733874261379241943e-01
-5.147857666015625000e-01
-4.581501483917236328e-01
5.142947435379028320e-01
-1.093323230743408203e+00
-3.832994103431701660e-01
-1.237287044525146484e+00
-2.347724437713623047e-01
2.316820025444030762e-01
6.617667675018310547e-01
-2.116718143224716187e-01
1.949812769889831543e-01
-7.075011730194091797e-01
-1.719920635223388672e-01
-1.101412415504455566e+00
1.349228471517562866e-01
-1.256639599800109863e+00
4.665831923484802246e-01
-7.061579823493957520e-01
4.411095380783081055e-02
4.030857682228088379e-01
9.095771908760070801e-01
-8.515787124633789062e-01
-1.050481557846069336e+00
-7.673734426498413086e-01
-7.657952308654785156e-01
2.071276664733886719e+00
-1.928182244300842285e-01
-1.600906848907470703e-01
2.266161143779754639e-02
4.469848871231079102e-01
-1.261763274669647217e-03
4.396650195121765137e-01
-4.782080054283142090e-01
6.602030992507934570e-01
-2.702799737453460693e-01
1.481092572212219238e-01
6.128528714179992676e-01
-4.120495319366455078e-01
6.332496404647827148e-01
2.641183137893676758e-02
8.427933454513549805e-01
-1.103326797485351562e+00
-7.403262853622436523e-01
1.357444822788238525e-01
-9.397995471954345703e-01
-2.645041644573211670e-01
2.709069848060607910e-01
-7.422408461570739746e-02
-1.172639131546020508e+00
-5.262064337730407715e-01
-1.771003007888793945e-01
4.280674457550048828e-01
-6.599901914596557617e-01
-1.652429550886154175e-01
-1.784345209598541260e-01
-3.065991997718811035e-01
1.760532855987548828e-01
-7.168208956718444824e-01
-1.046894490718841553e-01
3.908694386482238770e-01
-9.172551631927490234e-01
-1.573032379150390625e+00
-7.154107689857482910e-01
-1.032177209854125977e-01
-7.891260832548141479e-02
8.723951578140258789e-01
-7.330913543701171875e-01
-2.629784345626831055e-01
-5.780127048492431641e-01
7.811414003372192383e-01
1.784531712532043457e+00
-6.070857048034667969e-01
-2.522884011268615723e-01
2.006363272666931152e-01
8.646398782730102539e-01
1.895740181207656860e-01
6.345760822296142578e-02
8.040917515754699707e-01
-2.330404669046401978e-01
1.499918580055236816e+00
6.132850050926208496e-01
-1.026002168655395508e+00
8.090455830097198486e-02
3.315718472003936768e-01
-1.639478445053100586e+00
-7.003513574600219727e-01
-9.323200583457946777e-01
1.078555360436439514e-01
-4.501736760139465332e-01
1.408359259366989136e-01
9.125654697418212891e-01
3.106629550457000732e-01
2.331559062004089355e-01
-4.835591912269592285e-01
-1.178052783012390137e+00
6.163839697837829590e-01
-1.188181877136230469e+00
-2.345111370086669922e-01
2.563028037548065186e-01
2.827953360974788666e-02
3.829072713851928711e-01
6.848957538604736328e-01
-7.812164425849914551e-01
-9.771073460578918457e-01
4.897049069404602051e-01
5.075013637542724609e-02
-9.367489814758300781e-02
1.003832101821899414e+00
-8.653709292411804199e-02
5.925103425979614258e-01
1.603570222854614258e+00
-4.192239046096801758e-02
-4.056196212768554688e-01
4.226107895374298096e-02
7.700297236442565918e-02
1.345944285392761230e+00
2.212910652160644531e+00
-2.100469350814819336e+00
4.754866063594818115e-01
2.656803727149963379e-01
-1.989377260208129883e+00
9.899950027465820312e-01
8.324421644210815430e-01
1.117360115051269531e+00
7.287633419036865234e-02
4.151169359683990479e-01
-1.053027212619781494e-01
1.273745298385620117e-01
-9.799167513847351074e-01
3.507548570632934570e-02
-4.161139130592346191e-01
9.072406291961669922e-01
7.896971702575683594e-02
1.173532307147979736e-01
-5.299347043037414551e-01
5.363488197326660156e-01
-6.342869997024536133e-02
1.183559179306030273e+00
1.417213559150695801e+00
3.709750175476074219e-01
4.167487025260925293e-01
8.073327541351318359e-01
3.175750076770782471e-01
-9.240081310272216797e-01
6.216543912887573242e-02
-2.526660263538360596e-01
-1.078478813171386719e+00
-7.238196730613708496e-01
8.643294572830200195e-01
-2.680674791336059570e-01
-4.422413706779479980e-01
-1.261888146400451660e-01
-8.545321822166442871e-01
1.292938709259033203e+00
2.752749025821685791e-01
9.090174436569213867e-01
-2.845584750175476074e-01
-7.476553916931152344e-01
-6.834235787391662598e-02
-2.337685525417327881e-01
-3.297633528709411621e-01
1.506806969642639160e+00
-1.364495038986206055e+00
-1.371498554944992065e-01
-9.488459229469299316e-01
1.435593366622924805e-01
5.414843559265136719e-02
-9.088538289070129395e-01
-6.353665590286254883e-01
3.936098814010620117e-01
1.761758089065551758e+00
8.589541316032409668e-01
-2.047045826911926270e-01
2.136075943708419800e-01
8.176540732383728027e-01
-4.111251235008239746e-02
1.054852247238159180e+00
-3.785790801048278809e-01
-4.376500844955444336e-02
3.618238568305969238e-01
-5.572071075439453125e-01
5.149208307266235352e-01
-9.140947461128234863e-02
-3.389739990234375000e-01
-3.199784457683563232e-01
-4.368321895599365234e-01
1.122903227806091309e-01
-1.246706843376159668e-01
-3.259559273719787598e-01
3.002264797687530518e-01
-1.285176277160644531e+00
-4.265760183334350586e-01
1.938125491142272949e-01
-3.125572204589843750e-01
3.423056006431579590e-01
1.500007957220077515e-01
6.364856362342834473e-01
1.675135493278503418e-01
1.749275028705596924e-01
-7.023679614067077637e-01
1.698381066322326660e+00
-9.058317542076110840e-02
-1.132561922073364258e+00
4.557884633541107178e-01
-8.203489780426025391e-01
-4.860754609107971191e-01
-8.474470376968383789e-01
1.348162591457366943e-01
1.701495945453643799e-01
-1.054155826568603516e-01
3.694961965084075928e-01
3.278983235359191895e-01
5.964559912681579590e-01
1.309240341186523438e+00
1.264653086662292480e+00
4.578683376312255859e-01
-3.234525918960571289e-01
-3.001465201377868652e-01
-2.235210239887237549e-01
-6.041381955146789551e-01
-6.958047151565551758e-01
2.417416721582412720e-01
8.940064311027526855e-01
-1.114602565765380859e+00
7.919894456863403320e-01
1.048471033573150635e-01
4.060350954532623291e-01
-4.039428234100341797e-01
-4.881614446640014648e-01
1.054770946502685547e-01
-1.405011057853698730e+00
-2.475607395172119141e-01
-3.567688912153244019e-02
4.492895007133483887e-01
-4.472717344760894775e-01
-4.903626441955566406e-02
5.433976650238037109e-01
-5.702341794967651367e-01
-2.110514640808105469e-01
8.334201574325561523e-01
2.049253284931182861e-01
-8.880150318145751953e-02
-7.507245540618896484e-01
1.138376951217651367e+00
3.359656035900115967e-01
-6.475076675415039062e-01
4.170039892196655273e-01
-1.316994905471801758e+00
-8.041500449180603027e-01
-9.805440902709960938e-01
-2.053106427192687988e-01
-3.602558672428131104e-01
1.152410984039306641e+00
9.909402132034301758e-01
1.651181280612945557e-01
5.429425835609436035e-02
7.357723712921142578e-01
-4.239637851715087891e-01
7.635819911956787109e-01
-1.585116505622863770e+00
1.290453195571899414e+00
-3.545770943164825439e-01
-5.584316253662109375e-01
3.362982869148254395e-01
6.401301622390747070e-01
1.395571231842041016e-02
4.188977479934692383e-01
-1.511493563652038574e+00
1.550098657608032227e-01
4.103055596351623535e-02
-7.277038097381591797e-01
-2.532886564731597900e-01
2.538539767265319824e-01
-4.598365724086761475e-01
-6.248630285263061523e-01
-6.779029965400695801e-02
2.246822416782379150e-02
1.619723320007324219e+00
-2.856242358684539795e-01
5.129276961088180542e-02
8.764675259590148926e-01
6.592347025871276855e-01
-2.456782162189483643e-01
3.118437230587005615e-01
-4.478747248649597168e-01
-1.068420648574829102e+00
1.829573810100555420e-01
4.491818547248840332e-01
1.258347630500793457e-01
-1.658626198768615723e-01
1.009332418441772461e+00
-6.558059453964233398e-01
-9.406492710113525391e-01
-9.882789850234985352e-01
-2.247339338064193726e-01
3.000722527503967285e-01
-1.274636507034301758e+00
-1.627206504344940186e-01
1.723180294036865234e+00
3.298979997634887695e-01
6.277092695236206055e-01
1.730198115110397339e-01
4.637627303600311279e-01
1.395301222801208496e-01
-3.932269215583801270e-01
7.599369287490844727e-01
-4.921810030937194824e-01
1.167203426361083984e+00
-1.374233484268188477e+00
1.143787860870361328e+00
1.465734541416168213e-01
2.300661802291870117e-01
1.221494436264038086e+00
-6.802263259887695312e-01
-3.249226808547973633e-01
3.133735358715057373e-01
8.444377183914184570e-01
-1.707248687744140625e-01
-2.912773489952087402e-01
1.400525331497192383e+00
1.750135421752929688e-02
6.811402440071105957e-01
-8.333442211151123047e-01
-4.162526428699493408e-01
-8.181169629096984863e-02
1.811577528715133667e-01
-1.169163942337036133e+00
-4.463021159172058105e-01
-1.455734223127365112e-01
-7.718592882156372070e-02
1.093590974807739258e+00
1.918397992849349976e-01
-3.544847965240478516e-01
4.198763668537139893e-01
7.013427615165710449e-01
4.462643861770629883e-01
-9.868659377098083496e-01
8.575895428657531738e-02
-6.126630902290344238e-01
-1.377919435501098633e+00
1.393674612045288086e+00
-9.306589961051940918e-01
2.280934095382690430e+00
-2.103949189186096191e-01
-1.570791840553283691e+00
6.925502419471740723e-01
-1.054089307785034180e+00
1.768191456794738770e-01
-1.660860031843185425e-01
1.551714777946472168e+00
7.558021545410156250e-01
-1.351968050003051758e-01
-4.423546791076660156e-02
-4.643164277076721191e-01
3.646533191204071045e-01
1.436862051486968994e-01
1.714191436767578125e-01
-5.650384426116943359e-01
2.646094560623168945e-02
6.564291715621948242e-01
-1.250206232070922852e-01
-7.170335054397583008e-01
-4.760664701461791992e-01
-2.995371818542480469e-01
-1.151327133178710938e+00
-4.787116646766662598e-01
-3.076552748680114746e-01
1.671805679798126221e-01
-1.400306820869445801e-01
2.615355551242828369e-01
1.497284024953842163e-01
-1.606312952935695648e-02
-7.843046188354492188e-01
-5.588958263397216797e-01
-2.307386845350265503e-01
3.198059201240539551e-01
7.400670051574707031e-01
-5.561954379081726074e-01
2.338328957557678223e-01
-1.857532143592834473e+00
5.663874745368957520e-02
-4.084835350513458252e-01
-6.831219792366027832e-01
1.431930065155029297e-01
1.167402625083923340e+00
-3.470975458621978760e-01
-8.657842874526977539e-01
-3.976785540580749512e-01
-4.783968329429626465e-01
-8.821150064468383789e-01
-6.683765053749084473e-01
-4.989089965820312500e-01
5.539822578430175781e-01
-5.873934030532836914e-01
6.973499059677124023e-01
4.333759844303131104e-01
-5.441820621490478516e-01
-3.529966175556182861e-01
-6.145574450492858887e-01
2.016781330108642578e+00
-4.680316150188446045e-01
-7.174470424652099609e-01
9.499549865722656250e-03
-1.075772345066070557e-01
-4.664004445075988770e-01
2.168146073818206787e-01
-9.970656633377075195e-01
-1.035385057330131531e-01
1.586414575576782227e+00
7.399696111679077148e-01
-1.388683080673217773e+00
1.130432724952697754e+00
4.155159592628479004e-01
-7.373533844947814941e-01
9.524059295654296875e-01
-6.441754698753356934e-01
-6.484677791595458984e-01
-9.313281178474426270e-01
-8.195477724075317383e-01
8.436530828475952148e-02
3.657820820808410645e-02
3.907183110713958740e-01
-4.027109742164611816e-01
-3.458101749420166016e-01
1.640497446060180664e+00
-9.545381665229797363e-01
8.081394433975219727e-02
1.426716744899749756e-01
-6.566824764013290405e-02
-4.343671798706054688e-01
1.288074135780334473e+00
5.293726921081542969e-01
-1.182026043534278870e-01
3.377939462661743164e-01
-9.940413236618041992e-01
-3.305898308753967285e-01
-9.480447173118591309e-01
3.997430801391601562e-01
6.313862800598144531e-01
-1.990503549575805664e+00
-3.991997241973876953e-02
7.094253301620483398e-01
9.185217618942260742e-01
-1.505752086639404297e+00
-9.975244998931884766e-01
1.110471248626708984e+00
-1.956433951854705811e-01
1.296318918466567993e-01
5.081858634948730469e-01
1.351046800613403320e+00
-4.093480706214904785e-01
3.611636757850646973e-01
1.965660154819488525e-01
-2.555576264858245850e-01
-1.355560779571533203e+00
6.521624326705932617e-01
-1.122308492660522461e+00
7.630637884140014648e-01
1.230990886688232422e-02
8.948451280593872070e-02
-1.397630453109741211e+00
-1.043306350708007812e+00
-1.774043083190917969e+00
-5.772689580917358398e-01
-5.402569770812988281e-01
-1.081396579742431641e+00
-2.121680974960327148e-02
7.506625652313232422e-01
1.598700165748596191e+00
5.208093523979187012e-01
-2.084944248199462891e+00
-2.291107892990112305e+00
1.542777568101882935e-01
2.101797580718994141e+00
-4.633232355117797852e-01
9.258873462677001953e-01
5.767162442207336426e-01
4.906126856803894043e-01
2.043927907943725586e-01
2.523120641708374023e-01
2.708681821823120117e-01
-1.187990069389343262e+00
-3.449418246746063232e-01
3.831633329391479492e-01
8.438574671745300293e-01
6.141978502273559570e-01
6.498974561691284180e-01
7.903999686241149902e-01
1.157113313674926758e-01
1.504648208618164062e+00
-1.177492141723632812e-01
1.294938564300537109e+00
1.782965064048767090e-01
-1.180745482444763184e+00
-3.644239902496337891e-01
-9.860924482345581055e-01
1.252798438072204590e+00
-1.158761978149414062e+00
4.442939758300781250e-01
-7.210417985916137695e-01
4.249668121337890625e-01
-1.044617652893066406e+00
-5.466048717498779297e-01
-4.416035711765289307e-01
9.262099266052246094e-01
1.641136884689331055e+00
-1.091683030128479004e+00
-3.266261816024780273e-01
1.334349393844604492e+00
-1.662444472312927246e+00
-1.493724584579467773e-01
1.371711492538452148e-03
-6.374981403350830078e-01
-2.733271121978759766e-01
-8.905649185180664062e-01
-9.557377696037292480e-01
-3.704947233200073242e-01
-2.063910484313964844e+00
4.004613161087036133e-01
3.919487595558166504e-01
9.751858711242675781e-01
-9.866933822631835938e-01
1.197612285614013672e-02
-9.135934114456176758e-01
3.914594650268554688e-02
2.951849102973937988e-01
5.160039663314819336e-01
-2.402401685714721680e+00
-1.904812216758728027e+00
-9.476921558380126953e-01
3.949494957923889160e-01
3.297891020774841309e-01
9.874797612428665161e-02
-2.394990921020507812e-01
-1.201363205909729004e+00
-1.613601207733154297e+00
-5.448181629180908203e-01
3.849124908447265625e-01
-1.593092083930969238e-01
6.338027119636535645e-02
-8.656983375549316406e-01
-1.825197935104370117e-01
-1.071522533893585205e-01
1.486303567886352539e+00
-2.217134237289428711e+00
-2.417421340942382812e-02
-4.057261943817138672e-01
5.016462206840515137e-01
6.115539669990539551e-01
5.449191331863403320e-01
5.374785661697387695e-01
1.056700944900512695e+00
-4.399078488349914551e-01
5.442462563514709473e-01
-5.804951190948486328e-01
5.010831952095031738e-01
-1.022620558738708496e+00
3.064725399017333984e-01
-3.168650865554809570e-01
1.618570566177368164e+00
-3.557046353816986084e-01
-7.567539811134338379e-01
-7.511889338493347168e-01
1.103114724159240723e+00
-6.622362136840820312e-02
7.440996766090393066e-01
-1.512082815170288086e+00
-6.224324703216552734e-01
-1.837306141853332520e+00
-3.516865074634552002e-01
5.331196784973144531e-01
-1.000614464282989502e-01
-8.490548729896545410e-01
-1.620444774627685547e+00
-9.059820175170898438e-01
1.917693495750427246e+00
4.068660438060760498e-01
1.540757894515991211e+00
-9.732466936111450195e-01
-1.496511816978454590e+00
6.115976572036743164e-01
8.316780328750610352e-01
7.910097837448120117e-01
-1.049888804554939270e-01
1.247874736785888672e+00
-1.205121517181396484e+00
7.688927650451660156e-01
7.673581838607788086e-01
-1.557852029800415039e-01
-5.719024538993835449e-01
1.771067142486572266e+00
-9.249679744243621826e-02
1.767762899398803711e+00
-1.367139816284179688e+00
-9.334399104118347168e-01
4.405288398265838623e-01
-1.190164566040039062e+00
1.373858690261840820e+00
-4.699406027793884277e-02
2.611755132675170898e-01
1.399425715208053589e-01
6.043325662612915039e-01
-2.508302927017211914e-01
-1.229569613933563232e-01
3.944478631019592285e-01
1.103493690490722656e+00
-5.827931165695190430e-01
3.562133610248565674e-01
-7.308070063591003418e-01
2.100511193275451660e-01
-1.332344532012939453e+00
-7.239159345626831055e-01
1.078796386718750000e+00
4.099955558776855469e-01
-3.229663372039794922e-01
3.278456330299377441e-01
4.206655323505401611e-01
-1.030264735221862793e+00
3.145804107189178467e-01
9.411703944206237793e-01
-3.522846102714538574e-01
2.244397699832916260e-01
4.052594304084777832e-01
-9.971179962158203125e-01
-1.581636965274810791e-01
2.315554022789001465e-02
-3.780691921710968018e-01
2.118458449840545654e-01
4.435196518898010254e-01
-1.087257623672485352e+00
-7.996120452880859375e-01
2.757728099822998047e-02
-2.997064113616943359e+00
1.480600953102111816e+00
-5.958145856857299805e-01
1.257153987884521484e+00
7.213435173034667969e-01
2.475496530532836914e+00
-6.190958023071289062e-01
-8.443421721458435059e-01
-1.404894948005676270e+00
-3.271242976188659668e-01
-2.697672247886657715e-01
2.199467897415161133e+00
-1.611161470413208008e+00
-1.367546617984771729e-01
-7.041153311729431152e-01
1.295834302902221680e+00
4.189705252647399902e-01
1.877690076828002930e+00
9.002112150192260742e-01
-9.852331280708312988e-01
-5.961377620697021484e-01
1.373243451118469238e+00
9.097933769226074219e-01
4.743537306785583496e-02
5.455074906349182129e-01
1.417080640792846680e+00
2.625181972980499268e-01
-4.692074954509735107e-01
-3.653505444526672363e-01
-1.203617572784423828e+00
4.576631784439086914e-01
-4.880391359329223633e-01
-4.046264290809631348e-02
1.324397563934326172e+00
1.353908658027648926e+00
3.193419694900512695e+00
-3.292694389820098877e-01
-9.462807178497314453e-01
7.089252471923828125e-01
-8.034961223602294922e-01
-3.323127329349517822e-02
2.773986816406250000e+00
-2.355253696441650391e+00
-1.030571311712265015e-01
-1.511902213096618652e-01
1.932241797447204590e+00
-6.191456317901611328e-01
-2.165932178497314453e+00
-1.301444649696350098e+00
2.146245956420898438e+00
-1.981241106986999512e-01
-5.110296010971069336e-01
-7.766682505607604980e-01
7.636266946792602539e-01
-8.474265933036804199e-01
-4.418127834796905518e-01
-7.875775098800659180e-01
-7.640656828880310059e-01
-2.079232931137084961e-01
4.327497631311416626e-02
-4.764875173568725586e-01
1.333203911781311035e-01
4.694075286388397217e-01
-3.582428693771362305e-01
-1.090604066848754883e+00
-7.972061038017272949e-01
-4.199328422546386719e-01
8.656958341598510742e-01
-7.381249666213989258e-01
1.181958436965942383e+00
2.612607777118682861e-01
4.078796505928039551e-01
7.450460791587829590e-01
1.701497435569763184e-01
-8.482590317726135254e-01
-1.603921413421630859e+00
3.535964190959930420e-01
-8.921067118644714355e-01
-8.841085433959960938e-01
-1.304183602333068848e-01
9.595741629600524902e-01
-8.021488189697265625e-01
-2.089674174785614014e-01
-6.103419065475463867e-01
4.832927286624908447e-01
-8.053092360496520996e-01
-1.590710878372192383e+00
1.542861700057983398e+00
9.387151002883911133e-01
-4.138380289077758789e-01
1.451511144638061523e+00
-1.390698552131652832e-01
5.191989541053771973e-01
1.354706287384033203e-01
1.367454171180725098e+00
-8.516908884048461914e-01
5.824352502822875977e-01
-1.054687261581420898e+00
-8.250060081481933594e-01
-8.602831363677978516e-01
-1.808899998664855957e+00
4.163793921470642090e-01
1.039703845977783203e+00
-1.414255380630493164e+00
-6.019405722618103027e-01
-7.358531951904296875e-01
-6.993403434753417969e-01
-9.554003477096557617e-01
2.242625355720520020e-01
2.078013718128204346e-01
-2.086010932922363281e+00
7.775947451591491699e-02
-1.908334940671920776e-01
4.489186406135559082e-01
-2.911532223224639893e-01
-1.029164552688598633e+00
1.893189847469329834e-01
-4.927101433277130127e-01
-2.585969567298889160e-01
-1.125910282135009766e-01
8.348697423934936523e-01
3.157218694686889648e-01
-5.674860477447509766e-01
1.009442925453186035e+00
2.194859683513641357e-01
-4.643900394439697266e-01
1.095219135284423828e+00
1.956049799919128418e-01
-5.600513219833374023e-01
-1.003488540649414062e+00
1.473376393318176270e+00
9.607574939727783203e-01
-7.566001415252685547e-01
-5.326542258262634277e-01
1.006979942321777344e+00
9.023697376251220703e-01
-7.219342589378356934e-01
-7.195126414299011230e-01
6.272684335708618164e-01
-1.787492752075195312e+00
1.057238221168518066e+00
8.531289696693420410e-01
2.117654085159301758e-01
-1.873185336589813232e-01
-2.696184813976287842e-01
-3.080416917800903320e-01
3.805766105651855469e-01
-8.444533944129943848e-01
-5.833014249801635742e-01
1.521357774734497070e+00
-1.890934586524963379e+00
-1.292074680328369141e+00
-4.725729227066040039e-01
-1.200711965560913086e+00
-6.543942689895629883e-01
5.801873207092285156e-01
1.034011095762252808e-01
1.758459568023681641e+00
2.371001690626144409e-01
-7.793463468551635742e-01
9.021275639533996582e-01
1.033412933349609375e+00
1.192844510078430176e-01
-6.514669656753540039e-01
5.262310504913330078e-01
-6.255674958229064941e-01
-4.804801344871520996e-01
1.853393554687500000e+00
-5.880584716796875000e-01
-1.616867423057556152e+00
1.877666711807250977e+00
-1.486441850662231445e+00
-4.203269183635711670e-01
-5.779320001602172852e-01
5.103251338005065918e-02
-1.223385930061340332e-01
-8.918180465698242188e-01
1.538827121257781982e-01
1.766129732131958008e-01
2.524335384368896484e-01
1.053746581077575684e+00
3.011347651481628418e-01
3.028658032417297363e-02
-9.645740985870361328e-01
-4.324828386306762695e-01
5.403342247009277344e-01
-8.287662863731384277e-01
1.269034624099731445e+00
-2.040163040161132812e+00
2.196872830390930176e-01
2.112143993377685547e+00
5.999069213867187500e-01
2.281720340251922607e-01
-1.156139135360717773e+00
-1.281840205192565918e+00
1.126541495323181152e+00
1.741456985473632812e-01
-5.313222408294677734e-01
-1.067998170852661133e+00
1.391245484352111816e+00
1.227244138717651367e-01
-8.297213315963745117e-01
-1.961255311965942383e+00
-5.111482143402099609e-01
1.163469552993774414e-01
-4.351808428764343262e-01
4.371374547481536865e-01
-1.507177472114562988e+00
-5.178385972976684570e-02
2.765673398971557617e-02
7.887059450149536133e-01
1.197070837020874023e+00
-9.664093255996704102e-01
2.623936533927917480e-01
7.457278668880462646e-02
-2.133045494556427002e-01
-6.308444738388061523e-01
4.219519793987274170e-01
-3.413381576538085938e-01
-2.497382640838623047e+00
1.689736843109130859e+00
-1.238438963890075684e+00
1.610825538635253906e+00
-6.125190854072570801e-01
-2.326900362968444824e-01
1.422533988952636719e+00
-5.026323199272155762e-01
-1.826903820037841797e-01
-3.165056407451629639e-01
8.732646703720092773e-01
-5.520420074462890625e-01
-1.198843479156494141e+00
7.460782527923583984e-01
-8.969164490699768066e-01
3.763201534748077393e-01
2.243136882781982422e+00
-8.673229813575744629e-01
-4.074478447437286377e-01
-1.037417888641357422e+00
1.461800336837768555e+00
-2.433509230613708496e-01
-5.332887172698974609e-01
3.458827733993530273e-02
3.655090928077697754e-01
-6.249854564666748047e-01
-4.826928973197937012e-01
1.639962196350097656e-03
-8.042044639587402344e-01
6.346459388732910156e-01
-4.970375597476959229e-01
7.685059309005737305e-02
8.448224067687988281e-01
-1.191961765289306641e+00
-2.656584978103637695e-01
6.266241073608398438e-01
1.732370555400848389e-01
-4.859051108360290527e-02
-1.579353332519531250e+00
4.656685590744018555e-01
-8.285387754440307617e-01
3.067814707756042480e-01
3.609023094177246094e-01
9.228222966194152832e-01
-1.772197961807250977e+00
9.331893324851989746e-01
1.605586171150207520e+00
-9.109163284301757812e-02
-1.260030746459960938e+00
-1.907730400562286377e-01
-4.591084718704223633e-01
1.792380213737487793e-01
-7.398467659950256348e-01
1.712980985641479492e+00
-1.082653403282165527e-01
6.271939277648925781e-01
-2.608745992183685303e-01
-9.629164934158325195e-01
5.973015427589416504e-01
-5.008538365364074707e-01
3.213688373565673828e+00
-1.565563321113586426e+00
7.896223068237304688e-01
-2.251831591129302979e-01
-6.317734718322753906e-03
-2.086817920207977295e-01
-1.595067381858825684e-01
6.852951049804687500e-01
-9.416788816452026367e-02
1.995405197143554688e+00
3.880218267440795898e-01
-5.284194350242614746e-01
9.002329111099243164e-01
2.001786231994628906e+00
6.398476362228393555e-01
1.056420326232910156e+00
-2.646749615669250488e-01
-7.919989824295043945e-01
4.358935654163360596e-01
-4.071093797683715820e-01
-2.806200981140136719e-01
1.993103981018066406e+00
5.392736196517944336e-02
6.887376308441162109e-02
2.588528394699096680e-01
1.938318490982055664e+00
1.310248613357543945e+00
-4.480509757995605469e-01
2.601302564144134521e-01
-7.095179557800292969e-01
4.209349155426025391e-01
1.987614780664443970e-01
-4.906042814254760742e-01
4.320716857910156250e-01
1.703615188598632812e+00
-1.349943280220031738e+00
7.505316734313964844e-01
-4.809419512748718262e-01
1.633118987083435059e-01
8.999784290790557861e-02
-8.438074588775634766e-01
-1.418974280357360840e+00
-4.209305346012115479e-02
9.583246707916259766e-02
-1.134146571159362793e+00
-4.781248569488525391e-01
1.033500432968139648e-01
2.346221208572387695e-01
5.715127587318420410e-01
7.525920867919921875e-01
9.910110235214233398e-01
-9.436516761779785156e-01
-1.437259793281555176e+00
-5.047754645347595215e-01
9.044243097305297852e-01
-1.826292634010314941e+00
3.837339282035827637e-01
-1.195778369903564453e+00
7.365148067474365234e-01
7.356528192758560181e-02
-7.538043856620788574e-01
-1.024145960807800293e+00
-2.137437343597412109e+00
